# Made in Blockbench 5.0.6, made by TedXenon
mtllib crystal_matrix_armor.mtl

o head
v 0.250625 2.001875 0.250625
v 0.250625 2.001875 -0.250625
v 0.250625 1.5006250000000003 0.250625
v 0.250625 1.5006250000000003 -0.250625
v -0.250625 2.001875 -0.250625
v -0.250625 2.001875 0.250625
v -0.250625 1.5006250000000003 -0.250625
v -0.250625 1.5006250000000003 0.250625
vt 0.749375 0.75
vt 1 0.75
vt 1 0.499375
vt 0.749375 0.499375
vt 0.749375 1
vt 1 1
vt 1 0.749375
vt 0.749375 0.749375
vt 0.749375 0.75
vt 1 0.75
vt 1 0.499375
vt 0.749375 0.499375
vt 1 1
vt 0.749375 1
vt 0.749375 0.749375
vt 1 0.749375
vt 0.749375 0.5
vt 1 0.5
vt 1 0.249375
vt 0.749375 0.249375
vt 0.749375 0.250625
vt 1 0.250625
vt 1 0
vt 0.749375 0
vn 0 0 -1
vn 1 0 0
vn 0 0 1
vn -1 0 0
vn 0 1 0
vn 0 -1 0
usemtl 1
f 4/4/1 7/3/1 5/2/1 2/1/1
f 3/8/2 4/7/2 2/6/2 1/5/2
f 8/12/3 3/11/3 1/10/3 6/9/3
f 7/16/4 8/15/4 6/14/4 5/13/4
f 6/20/5 1/19/5 2/18/5 5/17/5
f 7/24/6 4/23/6 3/22/6 8/21/6
o top_middle
v 0.03125 2.107238590267342 0.10058072501558793
v 0.03125 2.042120523642243 -0.2687221823639901
v 0.03125 1.9841376211408157 0.12228674722395422
v 0.03125 1.919019554515717 -0.24701616015562378
v -0.03125 2.042120523642243 -0.2687221823639901
v -0.03125 2.107238590267342 0.10058072501558793
v -0.03125 1.919019554515717 -0.24701616015562378
v -0.03125 1.9841376211408157 0.12228674722395422
vt 0.03125 0.625
vt 0.0625 0.625
vt 0.0625 0.5625
vt 0.03125 0.5625
vt 0.21875 0.625
vt 0.03125 0.625
vt 0.03125 0.5625
vt 0.21875 0.5625
vt 0.03125 0.625
vt 0.21875 0.625
vt 0.21875 0.5625
vt 0.03125 0.5625
vt 0.03125 0.59375
vt 0.03125 0.625
vt 0.21875 0.625
vt 0.21875 0.59375
vn 0 -0.17364817766693033 -0.984807753012208
vn 1 0 0
vn -1 0 0
vn 0 0.984807753012208 -0.17364817766693033
usemtl 1
f 12/28/7 15/27/7 13/26/7 10/25/7
f 11/32/8 12/31/8 10/30/8 9/29/8
f 15/36/9 16/35/9 14/34/9 13/33/9
f 14/40/10 9/39/10 10/38/10 13/37/10
o front_bottom
v 0.2360308510884073 1.7277957516445526 -0.16323062816781395
v 0.26446519362588783 1.7084944985844805 -0.2834136127986355
v 0.2481284326934389 1.4817117632310368 -0.12084762254284473
v 0.27656277523091943 1.4624105101709648 -0.24103060717366626
v 0.02131996711063313 1.687222047673953 -0.3375235162831612
v -0.007114375426847411 1.706523300734025 -0.21734053165233969
v 0.033417548715664734 1.441138059260437 -0.29514051065819197
v 0.0049832061781841935 1.460439312320509 -0.17495752602737044
vt 0.25 1
vt 0.375 1
vt 0.375 0.875
vt 0.25 0.875
vt 0.375 1
vt 0.4375 1
vt 0.4375 0.875
vt 0.375 0.875
vt 0.25 0.9375
vt 0.375 0.9375
vt 0.375 0.8125
vt 0.25 0.8125
vt 0.375 0.8125
vt 0.25 0.8125
vt 0.25 0.875
vt 0.375 0.875
vn 0.2274747402998443 -0.15441002448057634 -0.9614638770465722
vn 0.9725809060610187 0.08508980364211077 0.2164396139381029
vn -0.2274747402998443 0.15441002448057634 0.9614638770465722
vn 0.048390326420126424 -0.9843359536540638 0.1695320224998769
usemtl 1
f 20/44/11 23/43/11 21/42/11 18/41/11
f 19/48/12 20/47/12 18/46/12 17/45/12
f 24/52/13 19/51/13 17/50/13 22/49/13
f 23/56/14 20/55/14 19/54/14 24/53/14
o front_bottom_side
v 0.2463182941502722 1.75144807364448 -0.17204785976383408
v 0.26783861832962275 1.754281278071582 -0.2951488288903601
v 0.2544761811640254 1.6894827698086168 -0.17204785976383408
v 0.27599650534337594 1.6923159742357188 -0.2951488288903601
v -0.006768984029295433 1.7181285013645438 -0.34398737885918423
v -0.028289308208646 1.715295296937442 -0.22088640973265825
v 0.001388902984457791 1.6561631975286808 -0.34398737885918423
v -0.020131421194892776 1.6533299931015788 -0.22088640973265825
vt 0.125 0.96875
vt 0.25 0.96875
vt 0.25 0.9375
vt 0.125 0.9375
vt 0.125 0.96875
vt 0.1875 0.96875
vt 0.1875 0.9375
vt 0.125 0.9375
vt 0.25 0.96875
vt 0.125 0.96875
vt 0.125 0.90625
vt 0.25 0.90625
vt 0.25 0.90625
vt 0.125 0.90625
vt 0.125 0.96875
vt 0.25 0.96875
vn 0.17216259343480456 0.02266563541681542 -0.9848077530122082
vn 0.9763825861650425 0.12854320606946856 0.17364817766693036
vn -0.13052619222005157 0.9914448613738104 3.469446951953614e-18
vn 0.13052619222005157 -0.9914448613738104 -3.469446951953614e-18
usemtl 1
f 28/60/15 31/59/15 29/58/15 26/57/15
f 27/64/16 28/63/16 26/62/16 25/61/16
f 30/68/17 25/67/17 26/66/17 29/65/17
f 31/72/18 28/71/18 27/70/18 32/69/18
o front_top_side
v 0.26211681847995116 1.8744370818256486 -0.2240917459975133
v 0.2694631292935254 1.880898479880819 -0.2858212531444443
v 0.2709485862117196 1.8128003796761643 -0.22949237807791228
v 0.2782948970252938 1.8192617777313347 -0.2912218852248432
v -0.006995190028374841 1.844502051663277 -0.3225317447063338
v -0.014341500841949063 1.8380406536081066 -0.2608022375594028
v 0.0018365777033935557 1.7828653495137927 -0.32793237678673276
v -0.005509733110180667 1.776403951458622 -0.2662028696398018
vt 0 0.90625
vt 0.125 0.90625
vt 0.125 0.875
vt 0 0.875
vt 0 0.90625
vt 0.03125 0.90625
vt 0.03125 0.875
vt 0 0.875
vt 0.125 0.90625
vt 0 0.90625
vt 0 0.875
vt 0.125 0.875
vt 0.125 0.90625
vt 0 0.90625
vt 0 0.875
vt 0.125 0.875
vn 0.11754097301718758 0.10338236888272712 -0.9876721143508956
vn 0.9829629131445342 0.12940952255126037 0.1305261922200516
vn -0.14130828370829437 0.9861872343917512 0.08641011328638344
vn 0.14130828370829437 -0.9861872343917512 -0.08641011328638344
usemtl 1
f 36/76/19 39/75/19 37/74/19 34/73/19
f 35/80/20 36/79/20 34/78/20 33/77/20
f 38/84/21 33/83/21 34/82/21 37/81/21
f 39/88/22 36/87/22 35/86/22 40/85/22
o eye
v 0.22949474611292653 1.8120028665452117 -0.21790314810912395
v 0.2375828412723803 1.8130676844736782 -0.2798684519449871
v 0.23765263312667975 1.7500375627093485 -0.21790314810912395
v 0.24574072828613353 1.751102380637815 -0.2798684519449871
v -0.008157887013753223 1.7807153038358632 -0.3125
v -0.016245982173206996 1.7796504859073965 -0.25053469616413687
v 0 1.71875 -0.3125
v -0.008088095159453773 1.7176851820715333 -0.25053469616413687
vt 0.125 1
vt 0.25 1
vt 0.25 0.96875
vt 0.125 0.96875
vt 0.125 1
vt 0.15625 1
vt 0.15625 0.96875
vt 0.125 0.96875
vn 0.1294095225512604 0.017037086855465854 -0.9914448613738105
vn 0.9829629131445341 0.12940952255126037 0.13052619222005157
usemtl 1
f 44/92/23 47/91/23 45/90/23 42/89/23
f 43/96/24 44/95/24 42/94/24 41/93/24
o top_middle
v 0.0625 2.017141732904891 -0.19099943969806898
v 0.0625 2.0334575069323977 -0.3149300473697953
v 0.0625 1.7692805175614386 -0.22363098775308188
v 0.0625 1.785596291588945 -0.3475615954248082
v -0.0625 2.0334575069323977 -0.3149300473697953
v -0.0625 2.017141732904891 -0.19099943969806898
v -0.0625 1.785596291588945 -0.3475615954248082
v -0.0625 1.7692805175614386 -0.22363098775308188
vt 0 0.875
vt 0.0625 0.875
vt 0.0625 0.75
vt 0 0.75
vt 0.0625 0.875
vt 0.125 0.875
vt 0.125 0.75
vt 0.0625 0.75
vt 0.0625 0.875
vt 0.125 0.875
vt 0.125 0.75
vt 0.0625 0.75
vt 0.1875 0.875
vt 0.125 0.875
vt 0.125 0.8125
vt 0.1875 0.8125
vt 0.1875 0.8125
vt 0.125 0.8125
vt 0.125 0.75
vt 0.1875 0.75
vn 0 0.13052619222005157 -0.9914448613738104
vn 1 0 0
vn -1 0 0
vn 0 0.9914448613738104 0.13052619222005157
vn 0 -0.9914448613738104 -0.13052619222005157
usemtl 1
f 52/100/25 55/99/25 53/98/25 50/97/25
f 51/104/26 52/103/26 50/102/26 49/101/26
f 55/108/27 56/107/27 54/106/27 53/105/27
f 54/112/28 49/111/28 50/110/28 53/109/28
f 55/116/29 52/115/29 51/114/29 56/113/29
o side_line
v 0.2952391964792601 1.8229196177362188 0.069041521520528
v 0.2792696588350869 1.74175476250943 -0.2967210245984613
v 0.2958292566893582 1.761901117291223 0.08255612223207337
v 0.27985971904518503 1.6807362620644344 -0.28320642388691597
v 0.21682914498622077 1.74175476250943 -0.2939948128881278
v 0.232798682630394 1.8229196177362188 0.0717677332308615
v 0.2174192051963189 1.6807362620644344 -0.2804802121765824
v 0.2333887428404921 1.761901117291223 0.08528233394240686
vt 0.15625 0.71875
vt 0.1875 0.71875
vt 0.1875 0.6875
vt 0.15625 0.6875
vt 0 0.71875
vt 0.1875 0.71875
vt 0.1875 0.6875
vt 0 0.6875
vt 0 0.71875
vt 0.03125 0.71875
vt 0.03125 0.6875
vt 0 0.6875
vt 0.1875 0.6875
vt 0.1875 0.71875
vt 0 0.71875
vt 0 0.6875
vt 0 0.6875
vt 0 0.71875
vt 0.1875 0.71875
vt 0.1875 0.6875
vn -0.0425854337177952 -0.2164396139381029 -0.9753667896506382
vn 0.9990482215818578 0 -0.04361938736533599
vn 0.0425854337177952 0.2164396139381029 0.9753667896506382
vn -0.009440963361569885 0.9762960071199334 -0.21623361138472558
vn 0.009440963361569885 -0.9762960071199334 0.21623361138472558
usemtl 1
f 60/120/30 63/119/30 61/118/30 58/117/30
f 59/124/31 60/123/31 58/122/31 57/121/31
f 64/128/32 59/127/32 57/126/32 62/125/32
f 62/132/33 57/131/33 58/130/33 61/129/33
f 63/136/34 60/135/34 59/134/34 64/133/34
o front_top
v 0.2427950523628868 1.9926872221438696 -0.1850144605226554
v 0.25123129148165946 2.0004845469010175 -0.24644964259418878
v 0.2378777999624342 1.8068289022357882 -0.2092787460010167
v 0.24631403908120686 1.814626226992936 -0.27071392807255007
v 0.0036059850936652543 2.011296101265927 -0.27908119064920167
v -0.004830254025107418 2.0034987765087786 -0.2176460085776683
v -0.0013112673067873588 1.825437781357845 -0.303345476127563
v -0.009747506425560031 1.8176404566006972 -0.24191029405602962
vt 0 1
vt 0.125 1
vt 0.125 0.90625
vt 0 0.90625
vt 0 1
vt 0.03125 1
vt 0.03125 0.90625
vt 0 0.90625
vt 0.125 1
vt 0 1
vt 0 0.96875
vt 0.125 0.96875
vn 0.13497982590036275 0.12475719611436767 -0.9829629131445343
vn 0.990501225551977 -0.04324621745963609 0.13052619222005163
vn 0.02622534613574727 0.9912443728431023 0.12940952255126037
usemtl 1
f 68/140/35 71/139/35 69/138/35 66/137/35
f 67/144/36 68/143/36 66/142/36 65/141/36
f 70/148/37 65/147/37 66/146/37 69/145/37
o side_top
v 0.29390840167557897 1.941155879800653 0.03856130934394558
v 0.280600453638768 1.873518500444996 -0.26624081242187886
v 0.29449846188567713 1.880137379355657 0.05207591005549095
v 0.2811905138488661 1.8125 -0.2527262117103335
v 0.2181599397899019 1.873518500444996 -0.26351460071154537
v 0.23146788782671288 1.941155879800653 0.041287521054279075
v 0.21875 1.8125 -0.25
v 0.232057948036811 1.880137379355657 0.05480212176582444
vt 0.125 0.75
vt 0.15625 0.75
vt 0.15625 0.71875
vt 0.125 0.71875
vt 0 0.75
vt 0.15625 0.75
vt 0.15625 0.71875
vt 0 0.71875
vt 0 0.75
vt 0.03125 0.75
vt 0.03125 0.71875
vt 0 0.71875
vt 0.15625 0.71875
vt 0.15625 0.75
vt 0 0.75
vt 0 0.71875
vt 0 0.71875
vt 0 0.75
vt 0.15625 0.75
vt 0.15625 0.71875
vn -0.0425854337177952 -0.2164396139381029 -0.9753667896506382
vn 0.9990482215818578 0 -0.04361938736533599
vn 0.0425854337177952 0.2164396139381029 0.9753667896506382
vn -0.009440963361569885 0.9762960071199334 -0.21623361138472558
vn 0.009440963361569885 -0.9762960071199334 0.21623361138472558
usemtl 1
f 76/152/38 79/151/38 77/150/38 74/149/38
f 75/156/39 76/155/39 74/154/39 73/153/39
f 80/160/40 75/159/40 73/158/40 78/157/40
f 78/164/41 73/163/41 74/162/41 77/161/41
f 79/168/42 76/167/42 75/166/42 80/165/42
o side
v 0.2880404975853736 1.7450140692090856 -0.07339922483923284
v 0.2771790569278936 1.713280918605803 -0.2578749312605213
v 0.2684689858272504 1.49958396495595 -0.030028499069463505
v 0.25760754516977036 1.4678508143526672 -0.214504205490752
v 0.21497614808552895 1.7187229679678464 -0.2551487195501878
v 0.22583758874300897 1.7504561185711291 -0.07067301312889931
v 0.19540463632740573 1.4732928637147105 -0.2117779937804185
v 0.20626607698488578 1.5050260143179932 -0.027302287359130012
vt 0.21875 0.8125
vt 0.3125 0.8125
vt 0.3125 0.6875
vt 0.21875 0.6875
vt 0.21875 0.8125
vt 0.25 0.8125
vt 0.25 0.6875
vt 0.21875 0.6875
vt 0.21875 0.6875
vt 0.21875 0.71875
vt 0.3125 0.71875
vt 0.3125 0.6875
vn 0.9952465414778341 -0.08707278979269381 -0.04361938736533601
vn 0.0579276835065601 0.1692434698841747 0.983870434246872
vn -0.07828604703249287 -0.9817204170125434 0.17348290307907727
usemtl 1
f 83/172/43 84/171/43 82/170/43 81/169/43
f 88/176/44 83/175/44 81/174/44 86/173/44
f 87/180/45 84/179/45 83/178/45 88/177/45
o side_top
v 0.2971600514930393 1.8936648552267885 0.11303633440865579
v 0.2918368722783149 1.8666099034845258 -0.008884514297673951
v 0.2977501117031374 1.8326463547817928 0.12655093512020116
v 0.292426932488413 1.80559140303953 0.004630086413871415
v 0.2293963584294488 1.8666099034845258 -0.0061583025873404584
v 0.2347195376441732 1.8936648552267885 0.11576254611898928
v 0.2299864186395469 1.80559140303953 0.0073562981242049075
v 0.23530959785427133 1.8326463547817928 0.12927714683053465
vt 0.1875 0.75
vt 0.21875 0.75
vt 0.21875 0.71875
vt 0.1875 0.71875
vt 0.15625 0.75
vt 0.21875 0.75
vt 0.21875 0.71875
vt 0.15625 0.71875
vt 0.15625 0.75
vt 0.1875 0.75
vt 0.1875 0.71875
vt 0.15625 0.71875
vt 0.15625 0.71875
vt 0.15625 0.75
vt 0.21875 0.75
vt 0.21875 0.71875
vt 0.15625 0.71875
vt 0.15625 0.75
vt 0.21875 0.75
vt 0.21875 0.71875
vn -0.0425854337177952 -0.2164396139381029 -0.9753667896506382
vn 0.9990482215818578 0 -0.04361938736533599
vn 0.0425854337177952 0.2164396139381029 0.9753667896506382
vn -0.009440963361569885 0.9762960071199334 -0.21623361138472558
vn 0.009440963361569885 -0.9762960071199334 0.21623361138472558
usemtl 1
f 92/184/46 95/183/46 93/182/46 90/181/46
f 91/188/47 92/187/47 90/186/47 89/185/47
f 96/192/48 91/191/48 89/190/48 94/189/48
f 94/196/49 89/195/49 90/194/49 93/193/49
f 95/200/50 92/199/50 91/198/50 96/197/50
o side_bottom
v 0.28831609086314414 1.693083719096178 0.1875
v 0.28831609086314414 1.693083719096178 -0.0625
v 0.31278975190440383 1.5071878075885885 0.1875
v 0.31278975190440383 1.5071878075885885 -0.0625
v 0.22635078702728098 1.6849258320824247 -0.0625
v 0.22635078702728098 1.6849258320824247 0.1875
v 0.25082444806854065 1.4990299205748354 -0.0625
v 0.25082444806854065 1.4990299205748354 0.1875
vt 0.59375 1
vt 0.625 1
vt 0.625 0.90625
vt 0.59375 0.90625
vt 0.5 1
vt 0.625 1
vt 0.625 0.90625
vt 0.5 0.90625
vt 0.5 1
vt 0.53125 1
vt 0.53125 0.90625
vt 0.5 0.90625
vt 0.625 0.96875
vt 0.625 1
vt 0.5 1
vt 0.5 0.96875
vt 0.5 0.90625
vt 0.5 0.9375
vt 0.625 0.9375
vt 0.625 0.90625
vn 0 0 -1
vn 0.9914448613738104 0.13052619222005157 0
vn 0 0 1
vn -0.13052619222005157 0.9914448613738104 0
vn 0.13052619222005157 -0.9914448613738104 0
usemtl 1
f 100/204/51 103/203/51 101/202/51 98/201/51
f 99/208/52 100/207/52 98/206/52 97/205/52
f 104/212/53 99/211/53 97/210/53 102/209/53
f 102/216/54 97/215/54 98/214/54 101/213/54
f 103/220/55 100/219/55 99/218/55 104/217/55
o back_bottom
v -0.002053820345171632 1.7262797070756037 0.2734752739657871
v 0.003310657853417824 1.7154266959714204 0.21215900757888667
v -0.005837429320506288 1.4800777688225517 0.3167221224470595
v -0.000472951121916832 1.4692247577183686 0.25540585606015903
v -0.24573801666951856 1.7154266959714204 0.19037007189197214
v -0.251102494868108 1.7262797070756037 0.25168633827887255
v -0.24952162564485322 1.4692247577183686 0.2336169203732445
v -0.2548861038434427 1.4800777688225517 0.2949331867601449
vt 0.375 0.875
vt 0.5 0.875
vt 0.5 0.75
vt 0.375 0.75
vt 0.5 0.875
vt 0.375 0.875
vt 0.375 0.75
vt 0.5 0.75
vt 0.5 0.875
vt 0.46875 0.875
vt 0.46875 0.75
vt 0.5 0.75
vt 0.5 0.875
vt 0.375 0.875
vt 0.375 0.84375
vt 0.5 0.84375
vt 0.5 0.78125
vt 0.375 0.78125
vt 0.375 0.75
vt 0.5 0.75
vn 0.08583165117743129 -0.17364817766693036 -0.9810602621904069
vn -0.08583165117743129 0.17364817766693036 0.9810602621904069
vn -0.9961946980917457 -1.7347234759768075e-18 -0.0871557427476582
vn 0.015134435901338623 0.9848077530122082 -0.17298739392508947
vn -0.015134435901338623 -0.9848077530122082 0.17298739392508947
usemtl 1
f 108/224/56 111/223/56 109/222/56 106/221/56
f 112/228/57 107/227/57 105/226/57 110/225/57
f 111/232/58 112/231/58 110/230/58 109/229/58
f 110/236/59 105/235/59 106/234/59 109/233/59
f 111/240/60 108/239/60 107/238/60 112/237/60
o top_middle
v 0.031875 2.109375 0.28125
v 0.031875 2.109375 0.09375
v 0.031875 1.984375 0.28125
v 0.031875 1.984375 0.09375
v -0.031875 2.109375 0.09375
v -0.031875 2.109375 0.28125
v -0.031875 1.984375 0.09375
v -0.031875 1.984375 0.28125
vt 0.03125 0.6875
vt 0.0625 0.6875
vt 0.0625 0.625
vt 0.03125 0.625
vt 0.125 0.6875
vt 0.03125 0.6875
vt 0.03125 0.625
vt 0.125 0.625
vt 0.09375 0.6875
vt 0.125 0.6875
vt 0.125 0.625
vt 0.09375 0.625
vt 0.03125 0.6875
vt 0.125 0.6875
vt 0.125 0.625
vt 0.03125 0.625
vt 0.03125 0.65625
vt 0.03125 0.6875
vt 0.125 0.6875
vt 0.125 0.65625
vt 0.03125 0.625
vt 0.03125 0.65625
vt 0.125 0.65625
vt 0.125 0.625
vn 0 0 -1
vn 1 0 0
vn 0 0 1
vn -1 0 0
vn 0 1 0
vn 0 -1 0
usemtl 1
f 116/244/61 119/243/61 117/242/61 114/241/61
f 115/248/62 116/247/62 114/246/62 113/245/62
f 120/252/63 115/251/63 113/250/63 118/249/63
f 119/256/64 120/255/64 118/254/64 117/253/64
f 118/260/65 113/259/65 114/258/65 117/257/65
f 119/264/66 116/263/66 115/262/66 120/261/66
o back_middle
v 0.03125 2.003782414336867 0.27413153117863365
v 0.03125 1.9983351804151388 0.21186936254789954
v 0.03125 1.5679472339217286 0.3122621686307341
v 0.03125 1.5625 0.25
v -0.03125 1.9983351804151388 0.21186936254789954
v -0.03125 2.003782414336867 0.27413153117863365
v -0.03125 1.5625 0.25
v -0.03125 1.5679472339217286 0.3122621686307341
vt 0 0.6875
vt 0.03125 0.6875
vt 0.03125 0.46875
vt 0 0.46875
vt 0 0.6875
vt 0.03125 0.6875
vt 0.03125 0.46875
vt 0 0.46875
vt 0 0.6875
vt 0.03125 0.6875
vt 0.03125 0.46875
vt 0 0.46875
vt 0 0.5
vt 0.03125 0.5
vt 0.03125 0.46875
vt 0 0.46875
vn 1 0 0
vn 0 0.08715574274765818 0.9961946980917455
vn -1 0 0
vn 0 -0.9961946980917455 0.08715574274765818
usemtl 1
f 123/268/67 124/267/67 122/266/67 121/265/67
f 128/272/68 123/271/68 121/270/68 126/269/68
f 127/276/69 128/275/69 126/274/69 125/273/69
f 127/280/70 124/279/70 123/278/70 128/277/70
o top_base
v 0.2560191023572058 2.02933375578085 0.125
v 0.2560191023572058 2.02933375578085 0
v 0.2478612153434526 1.9673684519449872 0.125
v 0.2478612153434526 1.9673684519449872 0
v 0.008157887013753223 2.061965303835863 0
v 0.008157887013753223 2.061965303835863 0.125
v 0 2 0
v 0 2 0.125
vt 0.125 0.65625
vt 0.25 0.65625
vt 0.25 0.625
vt 0.125 0.625
vt 0.15625 0.6875
vt 0.15625 0.625
vt 0.125 0.625
vt 0.125 0.6875
vt 0.25 0.6875
vt 0.125 0.6875
vt 0.125 0.65625
vt 0.25 0.65625
vt 0.25 0.625
vt 0.125 0.625
vt 0.125 0.6875
vt 0.25 0.6875
vn 0 0 -1
vn 0.9914448613738104 -0.13052619222005157 0
vn 0 0 1
vn 0.13052619222005157 0.9914448613738104 0
usemtl 1
f 132/284/71 135/283/71 133/282/71 130/281/71
f 131/288/72 132/287/72 130/286/72 129/285/72
f 136/292/73 131/291/73 129/290/73 134/289/73
f 134/296/74 129/295/74 130/294/74 133/293/74
o top_base
v 0.18997485501446604 2.006508990876672 0.25
v 0.18997485501446604 2.006508990876672 -0.25
v 0.18181696800071284 1.9445436870408088 0.25
v 0.18181696800071284 1.9445436870408088 -0.25
v 0.004078943506876612 2.0309826519179315 -0.25
v 0.004078943506876612 2.0309826519179315 0.25
v -0.004078943506876612 1.9690173480820685 -0.25
v -0.004078943506876612 1.9690173480820685 0.25
vt 0.09375 0.46875
vt 0 0.46875
vt 0 0.4375
vt 0.09375 0.4375
vt 0.09375 0.21875
vt 0.09375 0.46875
vt 0.0625 0.46875
vt 0.0625 0.21875
vt 0 0.25
vt 0.09375 0.25
vt 0.09375 0.21875
vt 0 0.21875
vt 0 0.46875
vt 0.09375 0.46875
vt 0.09375 0.21875
vt 0 0.21875
vn 0 0 -1
vn 0.9914448613738104 -0.13052619222005157 0
vn 0 0 1
vn 0.13052619222005157 0.9914448613738104 0
usemtl 1
f 140/300/75 143/299/75 141/298/75 138/297/75
f 139/304/76 140/303/76 138/302/76 137/301/76
f 144/308/77 139/307/77 137/306/77 142/305/77
f 142/312/78 137/311/78 138/310/78 141/309/78
o eye
v 0.016245982173206996 1.7796504859073965 -0.25053469616413687
v 0.008157887013753223 1.7807153038358632 -0.3125
v 0.008088095159453773 1.7176851820715333 -0.25053469616413687
v 0 1.71875 -0.3125
v -0.2375828412723803 1.8130676844736782 -0.2798684519449871
v -0.22949474611292653 1.8120028665452117 -0.21790314810912395
v -0.24574072828613353 1.751102380637815 -0.2798684519449871
v -0.23765263312667975 1.7500375627093485 -0.21790314810912395
vt 0.25 1
vt 0.125 1
vt 0.125 0.96875
vt 0.25 0.96875
vt 0.15625 1
vt 0.125 1
vt 0.125 0.96875
vt 0.15625 0.96875
vn -0.1294095225512604 0.017037086855465854 -0.9914448613738105
vn -0.9829629131445341 0.12940952255126037 0.13052619222005157
usemtl 1
f 148/316/79 151/315/79 149/314/79 146/313/79
f 151/320/80 152/319/80 150/318/80 149/317/80
o front_top
v 0.004830254025107418 2.0034987765087786 -0.2176460085776683
v -0.0036059850936652543 2.011296101265927 -0.27908119064920167
v 0.009747506425560031 1.8176404566006972 -0.24191029405602962
v 0.0013112673067873588 1.825437781357845 -0.303345476127563
v -0.25123129148165946 2.0004845469010175 -0.24644964259418878
v -0.2427950523628868 1.9926872221438696 -0.1850144605226554
v -0.24631403908120686 1.814626226992936 -0.27071392807255007
v -0.2378777999624342 1.8068289022357882 -0.2092787460010167
vt 0.125 1
vt 0 1
vt 0 0.90625
vt 0.125 0.90625
vt 0.03125 1
vt 0 1
vt 0 0.90625
vt 0.03125 0.90625
vt 0 1
vt 0.125 1
vt 0.125 0.96875
vt 0 0.96875
vn -0.13497982590036275 0.12475719611436767 -0.9829629131445343
vn -0.990501225551977 -0.04324621745963609 0.13052619222005163
vn -0.02622534613574727 0.9912443728431023 0.12940952255126037
usemtl 1
f 156/324/81 159/323/81 157/322/81 154/321/81
f 159/328/82 160/327/82 158/326/82 157/325/82
f 158/332/83 153/331/83 154/330/83 157/329/83
o front_top_side
v 0.014341500841949063 1.8380406536081066 -0.2608022375594028
v 0.006995190028374841 1.844502051663277 -0.3225317447063338
v 0.005509733110180667 1.776403951458622 -0.2662028696398018
v -0.0018365777033935557 1.7828653495137927 -0.32793237678673276
v -0.2694631292935254 1.880898479880819 -0.2858212531444443
v -0.26211681847995116 1.8744370818256486 -0.2240917459975133
v -0.2782948970252938 1.8192617777313347 -0.2912218852248432
v -0.2709485862117196 1.8128003796761643 -0.22949237807791228
vt 0.125 0.90625
vt 0 0.90625
vt 0 0.875
vt 0.125 0.875
vt 0.03125 0.90625
vt 0 0.90625
vt 0 0.875
vt 0.03125 0.875
vt 0 0.90625
vt 0.125 0.90625
vt 0.125 0.875
vt 0 0.875
vt 0 0.90625
vt 0.125 0.90625
vt 0.125 0.875
vt 0 0.875
vn -0.11754097301718758 0.10338236888272712 -0.9876721143508956
vn -0.9829629131445342 0.12940952255126037 0.1305261922200516
vn 0.14130828370829437 0.9861872343917512 0.08641011328638344
vn -0.14130828370829437 -0.9861872343917512 -0.08641011328638344
usemtl 1
f 164/336/84 167/335/84 165/334/84 162/333/84
f 167/340/85 168/339/85 166/338/85 165/337/85
f 166/344/86 161/343/86 162/342/86 165/341/86
f 167/348/87 164/347/87 163/346/87 168/345/87
o front_bottom_middle
v 0.0625 1.7283921972356462 -0.23306961405237775
v 0.0625 1.70668617502728 -0.35617058317890377
v 0.0625 1.4514150167009627 -0.1842310640835536
v 0.0625 1.4297089944925965 -0.3073320332100796
v -0.0625 1.70668617502728 -0.35617058317890377
v -0.0625 1.7283921972356462 -0.23306961405237775
v -0.0625 1.4297089944925965 -0.3073320332100796
v -0.0625 1.4514150167009627 -0.1842310640835536
vt 0.5 1
vt 0.4375 1
vt 0.4375 0.875
vt 0.5 0.875
vt 0.4375 1
vt 0.5 1
vt 0.5 0.875
vt 0.4375 0.875
vt 0.4375 1
vt 0.5 1
vt 0.5 0.875
vt 0.4375 0.875
vt 0.25 0.9375
vt 0.1875 0.9375
vt 0.1875 1
vt 0.25 1
vt 0.25 0.9375
vt 0.1875 0.9375
vt 0.1875 0.875
vt 0.25 0.875
vn 0 -0.17364817766693033 -0.984807753012208
vn 1 0 0
vn -1 0 0
vn 0 0.984807753012208 -0.17364817766693033
vn 0 -0.984807753012208 0.17364817766693033
usemtl 1
f 172/352/88 175/351/88 173/350/88 170/349/88
f 171/356/89 172/355/89 170/354/89 169/353/89
f 175/360/90 176/359/90 174/358/90 173/357/90
f 174/364/91 169/363/91 170/362/91 173/361/91
f 175/368/92 172/367/92 171/366/92 176/365/92
o front_bottom_side
v 0.028289308208646 1.715295296937442 -0.22088640973265825
v 0.006768984029295433 1.7181285013645438 -0.34398737885918423
v 0.020131421194892776 1.6533299931015788 -0.22088640973265825
v -0.001388902984457791 1.6561631975286808 -0.34398737885918423
v -0.26783861832962275 1.754281278071582 -0.2951488288903601
v -0.2463182941502722 1.75144807364448 -0.17204785976383408
v -0.27599650534337594 1.6923159742357188 -0.2951488288903601
v -0.2544761811640254 1.6894827698086168 -0.17204785976383408
vt 0.25 0.96875
vt 0.125 0.96875
vt 0.125 0.9375
vt 0.25 0.9375
vt 0.1875 0.96875
vt 0.125 0.96875
vt 0.125 0.9375
vt 0.1875 0.9375
vt 0.125 0.96875
vt 0.25 0.96875
vt 0.25 0.90625
vt 0.125 0.90625
vt 0.125 0.90625
vt 0.25 0.90625
vt 0.25 0.96875
vt 0.125 0.96875
vn -0.17216259343480456 0.02266563541681542 -0.9848077530122082
vn -0.9763825861650425 0.12854320606946856 0.17364817766693036
vn 0.13052619222005157 0.9914448613738104 3.469446951953614e-18
vn -0.13052619222005157 -0.9914448613738104 -3.469446951953614e-18
usemtl 1
f 180/372/93 183/371/93 181/370/93 178/369/93
f 183/376/94 184/375/94 182/374/94 181/373/94
f 182/380/95 177/379/95 178/378/95 181/377/95
f 183/384/96 180/383/96 179/382/96 184/381/96
o front_bottom
v 0.007114375426847411 1.706523300734025 -0.21734053165233969
v -0.02131996711063313 1.687222047673953 -0.3375235162831612
v -0.0049832061781841935 1.460439312320509 -0.17495752602737044
v -0.033417548715664734 1.441138059260437 -0.29514051065819197
v -0.26446519362588783 1.7084944985844805 -0.2834136127986355
v -0.2360308510884073 1.7277957516445526 -0.16323062816781395
v -0.27656277523091943 1.4624105101709648 -0.24103060717366626
v -0.2481284326934389 1.4817117632310368 -0.12084762254284473
vt 0.375 1
vt 0.25 1
vt 0.25 0.875
vt 0.375 0.875
vt 0.25 0.9375
vt 0.375 0.9375
vt 0.375 0.8125
vt 0.25 0.8125
vt 0.4375 1
vt 0.375 1
vt 0.375 0.875
vt 0.4375 0.875
vt 0.25 0.8125
vt 0.375 0.8125
vt 0.375 0.875
vt 0.25 0.875
vn -0.2274747402998443 -0.15441002448057634 -0.9614638770465722
vn 0.2274747402998443 0.15441002448057634 0.9614638770465722
vn -0.9725809060610187 0.08508980364211077 0.2164396139381029
vn -0.048390326420126424 -0.9843359536540638 0.1695320224998769
usemtl 1
f 188/388/97 191/387/97 189/386/97 186/385/97
f 192/392/98 187/391/98 185/390/98 190/389/98
f 191/396/99 192/395/99 190/394/99 189/393/99
f 191/400/100 188/399/100 187/398/100 192/397/100
o side_top
v -0.23146788782671288 1.941155879800653 0.041287521054279075
v -0.2181599397899019 1.873518500444996 -0.26351460071154537
v -0.232057948036811 1.880137379355657 0.05480212176582444
v -0.21875 1.8125 -0.25
v -0.280600453638768 1.873518500444996 -0.26624081242187886
v -0.29390840167557897 1.941155879800653 0.03856130934394558
v -0.2811905138488661 1.8125 -0.2527262117103335
v -0.29449846188567713 1.880137379355657 0.05207591005549095
vt 0.15625 0.75
vt 0.125 0.75
vt 0.125 0.71875
vt 0.15625 0.71875
vt 0.03125 0.75
vt 0 0.75
vt 0 0.71875
vt 0.03125 0.71875
vt 0.15625 0.75
vt 0 0.75
vt 0 0.71875
vt 0.15625 0.71875
vt 0.15625 0.75
vt 0.15625 0.71875
vt 0 0.71875
vt 0 0.75
vt 0 0.75
vt 0 0.71875
vt 0.15625 0.71875
vt 0.15625 0.75
vn 0.0425854337177952 -0.2164396139381029 -0.9753667896506382
vn -0.0425854337177952 0.2164396139381029 0.9753667896506382
vn -0.9990482215818578 0 -0.04361938736533599
vn 0.009440963361569885 0.9762960071199334 -0.21623361138472558
vn -0.009440963361569885 -0.9762960071199334 0.21623361138472558
usemtl 1
f 196/404/101 199/403/101 197/402/101 194/401/101
f 200/408/102 195/407/102 193/406/102 198/405/102
f 199/412/103 200/411/103 198/410/103 197/409/103
f 198/416/104 193/415/104 194/414/104 197/413/104
f 199/420/105 196/419/105 195/418/105 200/417/105
o side
v -0.22583758874300897 1.7504561185711291 -0.07067301312889931
v -0.21497614808552895 1.7187229679678464 -0.2551487195501878
v -0.20626607698488578 1.5050260143179932 -0.027302287359130012
v -0.19540463632740573 1.4732928637147105 -0.2117779937804185
v -0.2771790569278936 1.713280918605803 -0.2578749312605213
v -0.2880404975853736 1.7450140692090856 -0.07339922483923284
v -0.25760754516977036 1.4678508143526672 -0.214504205490752
v -0.2684689858272504 1.49958396495595 -0.030028499069463505
vt 0.25 0.8125
vt 0.21875 0.8125
vt 0.21875 0.6875
vt 0.25 0.6875
vt 0.3125 0.8125
vt 0.21875 0.8125
vt 0.21875 0.6875
vt 0.3125 0.6875
vt 0.21875 0.71875
vt 0.21875 0.6875
vt 0.3125 0.6875
vt 0.3125 0.71875
vn -0.0579276835065601 0.1692434698841747 0.983870434246872
vn -0.9952465414778341 -0.08707278979269381 -0.04361938736533601
vn 0.07828604703249287 -0.9817204170125434 0.17348290307907727
usemtl 1
f 208/424/106 203/423/106 201/422/106 206/421/106
f 207/428/107 208/427/107 206/426/107 205/425/107
f 207/432/108 204/431/108 203/430/108 208/429/108
o side_line
v -0.232798682630394 1.8229196177362188 0.0717677332308615
v -0.21682914498622077 1.74175476250943 -0.2939948128881278
v -0.2333887428404921 1.761901117291223 0.08528233394240686
v -0.2174192051963189 1.6807362620644344 -0.2804802121765824
v -0.2792696588350869 1.74175476250943 -0.2967210245984613
v -0.2952391964792601 1.8229196177362188 0.069041521520528
v -0.27985971904518503 1.6807362620644344 -0.28320642388691597
v -0.2958292566893582 1.761901117291223 0.08255612223207337
vt 0.1875 0.71875
vt 0.15625 0.71875
vt 0.15625 0.6875
vt 0.1875 0.6875
vt 0.03125 0.71875
vt 0 0.71875
vt 0 0.6875
vt 0.03125 0.6875
vt 0.1875 0.71875
vt 0 0.71875
vt 0 0.6875
vt 0.1875 0.6875
vt 0.1875 0.71875
vt 0.1875 0.6875
vt 0 0.6875
vt 0 0.71875
vt 0 0.71875
vt 0 0.6875
vt 0.1875 0.6875
vt 0.1875 0.71875
vn 0.0425854337177952 -0.2164396139381029 -0.9753667896506382
vn -0.0425854337177952 0.2164396139381029 0.9753667896506382
vn -0.9990482215818578 0 -0.04361938736533599
vn 0.009440963361569885 0.9762960071199334 -0.21623361138472558
vn -0.009440963361569885 -0.9762960071199334 0.21623361138472558
usemtl 1
f 212/436/109 215/435/109 213/434/109 210/433/109
f 216/440/110 211/439/110 209/438/110 214/437/110
f 215/444/111 216/443/111 214/442/111 213/441/111
f 214/448/112 209/447/112 210/446/112 213/445/112
f 215/452/113 212/451/113 211/450/113 216/449/113
o side_top
v -0.2347195376441732 1.8936648552267885 0.11576254611898928
v -0.2293963584294488 1.8666099034845258 -0.0061583025873404584
v -0.23530959785427133 1.8326463547817928 0.12927714683053465
v -0.2299864186395469 1.80559140303953 0.0073562981242049075
v -0.2918368722783149 1.8666099034845258 -0.008884514297673951
v -0.2971600514930393 1.8936648552267885 0.11303633440865579
v -0.292426932488413 1.80559140303953 0.004630086413871415
v -0.2977501117031374 1.8326463547817928 0.12655093512020116
vt 0.21875 0.75
vt 0.1875 0.75
vt 0.1875 0.71875
vt 0.21875 0.71875
vt 0.1875 0.75
vt 0.15625 0.75
vt 0.15625 0.71875
vt 0.1875 0.71875
vt 0.21875 0.75
vt 0.15625 0.75
vt 0.15625 0.71875
vt 0.21875 0.71875
vt 0.15625 0.75
vt 0.15625 0.71875
vt 0.21875 0.71875
vt 0.21875 0.75
vt 0.15625 0.75
vt 0.15625 0.71875
vt 0.21875 0.71875
vt 0.21875 0.75
vn 0.0425854337177952 -0.2164396139381029 -0.9753667896506382
vn -0.0425854337177952 0.2164396139381029 0.9753667896506382
vn -0.9990482215818578 0 -0.04361938736533599
vn 0.009440963361569885 0.9762960071199334 -0.21623361138472558
vn -0.009440963361569885 -0.9762960071199334 0.21623361138472558
usemtl 1
f 220/456/114 223/455/114 221/454/114 218/453/114
f 224/460/115 219/459/115 217/458/115 222/457/115
f 223/464/116 224/463/116 222/462/116 221/461/116
f 222/468/117 217/467/117 218/466/117 221/465/117
f 223/472/118 220/471/118 219/470/118 224/469/118
o side_bottom
v -0.22635078702728098 1.6849258320824247 0.1875
v -0.22635078702728098 1.6849258320824247 -0.0625
v -0.25082444806854065 1.4990299205748354 0.1875
v -0.25082444806854065 1.4990299205748354 -0.0625
v -0.28831609086314414 1.693083719096178 -0.0625
v -0.28831609086314414 1.693083719096178 0.1875
v -0.31278975190440383 1.5071878075885885 -0.0625
v -0.31278975190440383 1.5071878075885885 0.1875
vt 0.625 1
vt 0.59375 1
vt 0.59375 0.90625
vt 0.625 0.90625
vt 0.53125 1
vt 0.5 1
vt 0.5 0.90625
vt 0.53125 0.90625
vt 0.625 1
vt 0.5 1
vt 0.5 0.90625
vt 0.625 0.90625
vt 0.625 1
vt 0.625 0.96875
vt 0.5 0.96875
vt 0.5 1
vt 0.5 0.9375
vt 0.5 0.90625
vt 0.625 0.90625
vt 0.625 0.9375
vn 0 0 -1
vn 0 0 1
vn -0.9914448613738104 0.13052619222005157 0
vn 0.13052619222005157 0.9914448613738104 0
vn -0.13052619222005157 -0.9914448613738104 0
usemtl 1
f 228/476/119 231/475/119 229/474/119 226/473/119
f 232/480/120 227/479/120 225/478/120 230/477/120
f 231/484/121 232/483/121 230/482/121 229/481/121
f 230/488/122 225/487/122 226/486/122 229/485/122
f 231/492/123 228/491/123 227/490/123 232/489/123
o back_bottom
v 0.251102494868108 1.7262797070756037 0.25168633827887255
v 0.24573801666951856 1.7154266959714204 0.19037007189197214
v 0.2548861038434427 1.4800777688225517 0.2949331867601449
v 0.24952162564485322 1.4692247577183686 0.2336169203732445
v -0.003310657853417824 1.7154266959714204 0.21215900757888667
v 0.002053820345171632 1.7262797070756037 0.2734752739657871
v 0.000472951121916832 1.4692247577183686 0.25540585606015903
v 0.005837429320506288 1.4800777688225517 0.3167221224470595
vt 0.5 0.875
vt 0.375 0.875
vt 0.375 0.75
vt 0.5 0.75
vt 0.46875 0.875
vt 0.5 0.875
vt 0.5 0.75
vt 0.46875 0.75
vt 0.375 0.875
vt 0.5 0.875
vt 0.5 0.75
vt 0.375 0.75
vt 0.375 0.875
vt 0.5 0.875
vt 0.5 0.84375
vt 0.375 0.84375
vt 0.375 0.78125
vt 0.5 0.78125
vt 0.5 0.75
vt 0.375 0.75
vn -0.08583165117743129 -0.17364817766693036 -0.9810602621904069
vn 0.9961946980917457 -1.7347234759768075e-18 -0.0871557427476582
vn 0.08583165117743129 0.17364817766693036 0.9810602621904069
vn -0.015134435901338623 0.9848077530122082 -0.17298739392508947
vn 0.015134435901338623 -0.9848077530122082 0.17298739392508947
usemtl 1
f 236/496/124 239/495/124 237/494/124 234/493/124
f 235/500/125 236/499/125 234/498/125 233/497/125
f 240/504/126 235/503/126 233/502/126 238/501/126
f 238/508/127 233/507/127 234/506/127 237/505/127
f 239/512/128 236/511/128 235/510/128 240/509/128
o top_base
v -0.008157887013753223 2.061965303835863 0.125
v -0.008157887013753223 2.061965303835863 0
v 0 2 0.125
v 0 2 0
v -0.2560191023572058 2.02933375578085 0
v -0.2560191023572058 2.02933375578085 0.125
v -0.2478612153434526 1.9673684519449872 0
v -0.2478612153434526 1.9673684519449872 0.125
vt 0.25 0.65625
vt 0.125 0.65625
vt 0.125 0.625
vt 0.25 0.625
vt 0.125 0.6875
vt 0.25 0.6875
vt 0.25 0.65625
vt 0.125 0.65625
vt 0.15625 0.625
vt 0.15625 0.6875
vt 0.125 0.6875
vt 0.125 0.625
vt 0.125 0.625
vt 0.25 0.625
vt 0.25 0.6875
vt 0.125 0.6875
vn 0 0 -1
vn 0 0 1
vn -0.9914448613738104 -0.13052619222005157 0
vn -0.13052619222005157 0.9914448613738104 0
usemtl 1
f 244/516/129 247/515/129 245/514/129 242/513/129
f 248/520/130 243/519/130 241/518/130 246/517/130
f 247/524/131 248/523/131 246/522/131 245/521/131
f 246/528/132 241/527/132 242/526/132 245/525/132
o top_base
v -0.004078943506876612 2.0309826519179315 0.25
v -0.004078943506876612 2.0309826519179315 -0.25
v 0.004078943506876612 1.9690173480820685 0.25
v 0.004078943506876612 1.9690173480820685 -0.25
v -0.18997485501446604 2.006508990876672 -0.25
v -0.18997485501446604 2.006508990876672 0.25
v -0.18181696800071284 1.9445436870408088 -0.25
v -0.18181696800071284 1.9445436870408088 0.25
vt 0 0.46875
vt 0.09375 0.46875
vt 0.09375 0.4375
vt 0 0.4375
vt 0.09375 0.25
vt 0 0.25
vt 0 0.21875
vt 0.09375 0.21875
vt 0.09375 0.46875
vt 0.09375 0.21875
vt 0.0625 0.21875
vt 0.0625 0.46875
vt 0.09375 0.46875
vt 0 0.46875
vt 0 0.21875
vt 0.09375 0.21875
vn 0 0 -1
vn 0 0 1
vn -0.9914448613738104 -0.13052619222005157 0
vn -0.13052619222005157 0.9914448613738104 0
usemtl 1
f 252/532/133 255/531/133 253/530/133 250/529/133
f 256/536/134 251/535/134 249/534/134 254/533/134
f 255/540/135 256/539/135 254/538/135 253/537/135
f 254/544/136 249/543/136 250/542/136 253/541/136
o arm_left
v -0.249375 1.501875 0.125625
v -0.249375 1.501875 -0.125625
v -0.249375 0.7506249999999999 0.125625
v -0.249375 0.7506249999999999 -0.125625
v -0.500625 1.501875 -0.125625
v -0.500625 1.501875 0.125625
v -0.500625 0.7506249999999999 -0.125625
v -0.500625 0.7506249999999999 0.125625
vt 0.75 0.375
vt 0.875 0.375
vt 0.875 0
vt 0.75 0
vt 0.5 0.375
vt 0.625 0.375
vt 0.625 0
vt 0.5 0
vt 0.875 0.375
vt 0.75 0.375
vt 0.75 0
vt 0.875 0
vt 0.625 0.375625
vt 0.750625 0.375625
vt 0.750625 0
vt 0.625 0
vt 0.5 0.125
vt 0.375 0.125
vt 0.375 0
vt 0.5 0
vn 0 0 -1
vn 1 0 0
vn 0 0 1
vn -1 0 0
vn 0 -1 0
usemtl 2
f 260/548/137 263/547/137 261/546/137 258/545/137
f 259/552/138 260/551/138 258/550/138 257/549/138
f 264/556/139 259/555/139 257/554/139 262/553/139
f 263/560/140 264/559/140 262/558/140 261/557/140
f 263/564/141 260/563/141 259/562/141 264/561/141
o shoulder
v -0.24045825901383275 1.5310417984710314 0.15625
v -0.24045825901383275 1.5310417984710314 -0.15625
v -0.25136310585516675 1.281279743075567 0.15625
v -0.25136310585516675 1.281279743075567 -0.15625
v -0.5526608282581633 1.5446728570226989 -0.15625
v -0.5526608282581633 1.5446728570226989 0.15625
v -0.5635656750994973 1.2949108016272344 -0.15625
v -0.5635656750994973 1.2949108016272344 0.15625
vt 0.09375 0.8125
vt 0.25 0.8125
vt 0.25 0.6875
vt 0.09375 0.6875
vt 0.125 0.5625
vt 0.28125 0.5625
vt 0.28125 0.6875
vt 0.125 0.6875
vt 0.25 0.8125
vt 0.09375 0.8125
vt 0.09375 0.6875
vt 0.25 0.6875
vt 0.125 0.6875
vt 0.28125 0.6875
vt 0.28125 0.5625
vt 0.125 0.5625
vt 0.28125 0.40625
vt 0.125 0.40625
vt 0.125 0.5625
vt 0.28125 0.5625
vt 0.4375 0.5625
vt 0.28125 0.5625
vt 0.28125 0.40625
vt 0.4375 0.40625
vn 0 0 -1
vn 0.9990482215818578 -0.043619387365336 0
vn 0 0 1
vn -0.9990482215818578 0.043619387365336 0
vn 0.043619387365336 0.9990482215818578 0
vn -0.043619387365336 -0.9990482215818578 0
usemtl 2
f 268/568/142 271/567/142 269/566/142 266/565/142
f 267/572/143 268/571/143 266/570/143 265/569/143
f 272/576/144 267/575/144 265/574/144 270/573/144
f 271/580/145 272/579/145 270/578/145 269/577/145
f 270/584/146 265/583/146 266/582/146 269/581/146
f 271/588/147 268/587/147 267/586/147 272/585/147
o elbow
v -0.375 1.1875 0.15625
v -0.375 1.1875 -0.15625
v -0.375 1 0.15625
v -0.375 1 -0.15625
v -0.5625 1.1875 -0.15625
v -0.5625 1.1875 0.15625
v -0.5625 1 -0.15625
v -0.5625 1 0.15625
vt 0.34375 0.65625
vt 0.4375 0.65625
vt 0.4375 0.5625
vt 0.34375 0.5625
vt 0.59375 0.65625
vt 0.75 0.65625
vt 0.75 0.5625
vt 0.59375 0.5625
vt 0.4375 0.65625
vt 0.34375 0.65625
vt 0.34375 0.5625
vt 0.4375 0.5625
vt 0.4375 0.65625
vt 0.59375 0.65625
vt 0.59375 0.5625
vt 0.4375 0.5625
vt 0.53125 0.5625
vt 0.4375 0.5625
vt 0.4375 0.40625
vt 0.53125 0.40625
vt 0.625 0.5625
vt 0.53125 0.5625
vt 0.53125 0.40625
vt 0.625 0.40625
vn 0 0 -1
vn 1 0 0
vn 0 0 1
vn -1 0 0
vn 0 1 0
vn 0 -1 0
usemtl 2
f 276/592/148 279/591/148 277/590/148 274/589/148
f 275/596/149 276/595/149 274/594/149 273/593/149
f 280/600/150 275/599/150 273/598/150 278/597/150
f 279/604/151 280/603/151 278/602/151 277/601/151
f 278/608/152 273/607/152 274/606/152 277/605/152
f 279/612/153 276/611/153 275/610/153 280/609/153
o hand
v -0.3125 0.875 0.15625
v -0.3125 0.875 -0.15625
v -0.3125 0.6875 0.15625
v -0.3125 0.6875 -0.15625
v -0.5625 0.875 -0.15625
v -0.5625 0.875 0.15625
v -0.5625 0.6875 -0.15625
v -0.5625 0.6875 0.15625
vt 0 0.375
vt 0.125 0.375
vt 0.125 0.28125
vt 0 0.28125
vt 0.125 0.3125
vt 0.28125 0.3125
vt 0.28125 0.21875
vt 0.125 0.21875
vt 0.125 0.375
vt 0 0.375
vt 0 0.28125
vt 0.125 0.28125
vt 0.125 0.40625
vt 0.28125 0.40625
vt 0.28125 0.3125
vt 0.125 0.3125
vt 0.125 0.21875
vt 0 0.21875
vt 0 0.0625
vt 0.125 0.0625
vt 0.25 0.21875
vt 0.125 0.21875
vt 0.125 0.0625
vt 0.25 0.0625
vn 0 0 -1
vn 1 0 0
vn 0 0 1
vn -1 0 0
vn 0 1 0
vn 0 -1 0
usemtl 2
f 284/616/154 287/615/154 285/614/154 282/613/154
f 283/620/155 284/619/155 282/618/155 281/617/155
f 288/624/156 283/623/156 281/622/156 286/621/156
f 287/628/157 288/627/157 286/626/157 285/625/157
f 286/632/158 281/631/158 282/630/158 285/629/158
f 287/636/159 284/635/159 283/634/159 288/633/159
o body
v 0.250625 1.501875 0.125625
v 0.250625 1.501875 -0.125625
v 0.250625 0.7506249999999999 0.125625
v 0.250625 0.7506249999999999 -0.125625
v -0.250625 1.501875 -0.125625
v -0.250625 1.501875 0.125625
v -0.250625 0.7506249999999999 -0.125625
v -0.250625 0.7506249999999999 0.125625
vt 0.75 1
vt 1 1
vt 1 0.625
vt 0.75 0.625
vt 1 0.375
vt 0.875 0.375
vt 0.875 0
vt 1 0
vt 0.75 1
vt 1 1
vt 1 0.625
vt 0.75 0.625
vt 0.875 0.375
vt 1 0.375
vt 1 0
vt 0.875 0
vt 0.75 0.625
vt 1 0.625
vt 1 0.5
vt 0.75 0.5
vt 0.75 0.5
vt 1 0.5
vt 1 0.375
vt 0.75 0.375
vn 0 0 -1
vn 1 0 0
vn 0 0 1
vn -1 0 0
vn 0 1 0
vn 0 -1 0
usemtl 2
f 292/640/160 295/639/160 293/638/160 290/637/160
f 291/644/161 292/643/161 290/642/161 289/641/161
